<?xml version="1.0"?>
<opencv_storage>
<intrinsic type_id="opencv-matrix">
  <rows>3</rows>
  <cols>3</cols>
  <dt>d</dt>
  <data>
    7.4113282273957475e+02 0. 2.8418023271030819e+02 0.
    6.8485802636679523e+02 1.9845064382856992e+02 0. 0. 1.</data></intrinsic>
<distortion type_id="opencv-matrix">
  <rows>1</rows>
  <cols>5</cols>
  <dt>d</dt>
  <data>
    -1.3126304804154185e+00 3.5290062611574275e+00
    1.6712843159072804e-01 2.1808572095993062e-02
    -5.1109769521282820e+00</data></distortion>
</opencv_storage>
